duration,onset,pitch
0.13877551020408163,10.343492063492063,65.0
0.17124716553287983,10.637641723356008,63.0
0.08126984126984127,10.843718820861678,58.0
0.23510204081632652,10.948208616780045,61.0
0.1306122448979592,11.23265306122449,63.0
0.18866213151927438,11.551927437641723,58.0
0.4818140589569161,11.859591836734694,58.0
0.15963718820861678,14.535691609977324,50.0
0.14512471655328799,14.799818594104309,57.0
0.11029478458049886,14.973968253968254,60.0
0.1306122448979592,15.116190476190477,58.0
0.09723356009070294,15.28453514739229,55.0
0.08997732426303855,15.55156462585034,58.0
0.2829931972789116,15.663310657596371,61.0
0.1509297052154195,15.95936507936508,60.0
0.08707482993197278,16.12625850340136,58.0
0.3836734693877551,16.23265306122449,60.0
0.13351473922902493,16.657414965986394,58.0
0.1364172335600907,16.814149659863947,56.0
0.12625850340136055,16.976689342403628,60.0
0.10594104308390023,17.121814058956915,59.0
0.1001360544217687,17.25968253968254,57.0
0.1581859410430839,17.374331065759637,58.0
0.1654421768707483,17.551383219954648,54.0
0.09433106575963719,17.72988662131519,55.0
0.06965986394557823,17.851791383219954,58.0
0.16108843537414966,17.941768707482993,61.0
0.05510204081632653,18.172448979591838,56.0
0.1357142857142857,18.266326530612243,61.0
0.11326530612244898,18.420408163265307,62.0
0.12142857142857143,18.551020408163264,58.0
0.12040816326530612,18.695918367346938,60.0
0.12551020408163266,18.83265306122449,55.0
0.25510204081632654,18.979591836734695,58.0
0.08163265306122448,19.271428571428572,58.0
0.09183673469387756,20.977551020408164,65.0
0.1510204081632653,21.079591836734693,62.0
0.14285714285714285,21.244897959183675,60.0
0.1377551020408163,21.41530612244898,59.0
0.09183673469387756,21.605102040816327,55.0
0.17244897959183675,21.992857142857144,60.0
0.10816326530612246,22.21734693877551,58.0
0.04081632653061224,22.341836734693878,60.0
0.027551020408163266,22.394897959183673,58.0
0.11020408163265306,22.43265306122449,55.0
0.11428571428571428,22.591836734693878,57.0
0.11632653061224489,22.722448979591835,53.0
0.12959183673469388,23.72142857142857,50.0
0.15510204081632653,23.961224489795917,56.0
0.1346938775510204,24.1265306122449,58.0
0.12770975056689343,24.288072562358277,54.0
0.12625850340136055,24.420136054421768,55.0
0.1364172335600907,24.55074829931973,60.0
0.11900226757369614,24.707482993197278,58.0
0.14802721088435375,24.848253968253967,57.0
0.09433106575963719,25.016598639455783,60.0
0.19446712018140588,25.138503401360545,63.0
0.2815419501133787,25.440362811791385,68.0
0.1306122448979592,25.734965986394556,67.0
0.13206349206349208,25.874285714285715,66.0
0.12770975056689343,26.026666666666667,65.0
0.12335600907029479,26.171791383219954,62.0
0.1436734693877551,26.30095238095238,58.0
0.17560090702947845,26.563628117913833,63.0
0.16108843537414966,26.83501133786848,58.0
0.08272108843537415,27.014965986394557,55.0
0.4179591836734694,27.11655328798186,61.0
0.09433106575963719,27.581678004535146,58.0
0.036281179138321996,27.694149659863946,60.0
0.058049886621315196,27.743492063492063,62.0
0.07909297052154195,27.811700680272107,60.0
0.04208616780045352,27.909659863945578,58.0
0.1545578231292517,27.967709750566893,57.0
0.4387755102040816,28.144897959183673,58.0
0.15714285714285714,29.908163265306122,62.0
0.12959183673469388,30.102040816326532,66.0
0.11174603174603175,31.085714285714285,60.0
0.16834467120181407,31.34984126984127,64.0
0.050793650793650794,31.56390022675737,60.0
0.4876190476190476,31.640090702947845,62.0
0.13877551020408163,32.7265306122449,59.0
0.1581859410430839,33.02603174603175,67.0
0.08272108843537415,33.22920634920635,62.0
0.12625850340136055,33.33804988662131,65.0
0.13206349206349208,33.50784580498866,67.0
0.15,35.029591836734696,64.0
0.07040816326530612,35.186734693877554,65.0
0.1540816326530612,35.26326530612245,67.0
0.1489795918367347,35.42755102040816,69.0
0.18979591836734694,35.590816326530614,70.0
0.08979591836734693,35.792857142857144,72.0
0.1326530612244898,35.89591836734694,74.0
0.11632653061224489,36.03469387755102,72.0
0.13979591836734695,36.17040816326531,70.0
0.10714285714285714,36.31938775510204,67.0
0.14183673469387756,37.24387755102041,67.0
0.12755102040816327,37.406122448979595,63.0
0.12040816326530612,37.54795918367347,60.0
0.12755102040816327,37.686734693877554,58.0
0.12755102040816327,37.82857142857143,57.0
0.1306122448979592,38.12571428571429,65.0
0.08707482993197278,38.286802721088435,60.0
0.17414965986394557,38.3869387755102,63.0
0.11174603174603175,38.579954648526076,65.0
0.19156462585034015,39.68725623582766,61.0
0.07111111111111111,39.98040816326531,65.0
0.16253968253968254,40.08780045351474,70.0
0.11609977324263039,40.27936507936508,65.0
0.04353741496598639,40.57977324263039,60.0
0.22784580498866214,40.6421768707483,63.0
0.3221768707482993,40.896145124716554,70.0
0.1785034013605442,42.287891156462585,63.0
0.20752834467120182,42.5578231292517,70.0
0.2525170068027211,42.84662131519274,64.0
1.2712925170068028,43.12235827664399,70.0
0.16399092970521542,44.52281179138322,68.0
0.10303854875283447,44.705668934240364,67.0
0.12625850340136055,44.84789115646259,68.0
0.1001360544217687,45.00027210884354,67.0
0.10594104308390023,45.11927437641723,65.0
0.08417233560090703,45.270204081632656,63.0
0.16108843537414966,45.37179138321996,60.0
0.08562358276643992,45.551746031746035,61.0
0.12625850340136055,45.659138321995464,62.0
0.11609977324263039,45.79555555555555,58.0
0.13206349206349208,45.92907029478458,56.0
0.5326077097505669,46.0843537414966,58.0
0.1336734693877551,48.05714285714286,70.0
0.1826530612244898,48.20612244897959,74.0
0.06836734693877551,48.40204081632653,75.0
0.1846938775510204,48.47857142857143,77.0
0.11938775510204082,48.68469387755102,79.0
0.10408163265306122,50.56734693877551,73.0
0.14081632653061224,50.69387755102041,74.0
0.06385487528344672,50.8865306122449,77.0
0.13786848072562358,50.97070294784581,80.0
0.11319727891156463,51.136145124716556,79.0
0.11609977324263039,51.26385487528345,77.0
0.1291609977324263,51.406077097505666,75.0
0.08272108843537415,51.57151927437642,72.0
0.10303854875283447,51.66730158730159,73.0
0.14077097505668934,51.80226757369614,74.0
0.10594104308390023,51.96916099773242,70.0
0.08562358276643992,52.108480725623586,65.0
0.13206349206349208,52.21442176870748,64.0
0.04208616780045352,52.36825396825397,62.0
0.05514739229024943,52.43065759637188,63.0
0.16834467120181407,52.511927437641724,67.0
0.13786848072562358,52.70639455782313,66.0
0.08852607709750566,52.86022675736962,64.0
0.11029478458049886,52.96181405895692,65.0
0.11464852607709751,53.09532879818594,61.0
0.07401360544217687,53.343492063492064,65.0
0.36281179138321995,53.459591836734695,70.0
0.06095238095238095,53.85868480725624,67.0
0.057324263038548755,53.932698412698414,63.0
0.08199546485260771,53.995827664399094,60.0
0.13133786848072562,54.09015873015873,61.0
0.1073922902494331,54.248344671201814,68.0
0.11428571428571428,55.361224489795916,65.0
0.3,55.50204081632653,64.0
0.09591836734693877,55.840816326530614,67.0
0.08775510204081632,55.95918367346939,63.0
0.05612244897959184,56.162244897959184,60.0
0.12346938775510204,56.26326530612245,65.0
0.10918367346938776,56.42551020408163,62.0
0.10918367346938776,56.55816326530612,63.0
0.08163265306122448,56.71224489795918,65.0
0.12770975056689343,56.83374149659864,61.0
0.08417233560090703,56.98467120181406,62.0
0.1509297052154195,57.08625850340136,63.0
0.07546485260770976,57.269115646258506,61.0
0.13786848072562358,57.36344671201814,62.0
0.11319727891156463,57.517278911564624,58.0
0.13931972789115646,57.64934240362812,53.0
0.4890702947845805,57.8118820861678,51.0
0.10158730158730159,58.3328798185941,58.0
0.1436734693877551,58.46349206349206,51.0
0.2612244897959184,58.624580498866216,52.0
0.4897959183673469,58.910204081632656,53.0
0.10816326530612246,60.26938775510204,53.0
0.1489795918367347,60.391836734693875,51.0
0.07551020408163266,60.559183673469384,55.0
0.15612244897959185,60.65816326530612,58.0
0.1346938775510204,60.840816326530614,61.0
0.11326530612244898,60.99795918367347,57.0
0.10102040816326531,61.155102040816324,60.0
0.08272108843537415,61.270204081632656,57.0
0.04789115646258504,61.43419501133787,58.0
0.12045351473922902,61.52417233560091,62.0
0.09868480725623582,61.66784580498866,58.0
0.16224489795918368,61.81122448979592,65.0
0.09897959183673469,61.98061224489796,62.0
0.10510204081632653,62.090816326530614,58.0
0.4959183673469388,62.23367346938775,63.0
0.17448979591836736,62.88367346938775,61.0
0.08877551020408163,63.070408163265306,58.0
0.1846938775510204,63.17551020408163,60.0
0.1540816326530612,63.46530612244898,58.0
0.06020408163265306,63.641836734693875,53.0
0.16326530612244897,63.707142857142856,57.0
0.4448979591836735,63.88775510204081,58.0
0.09142857142857143,65.5891156462585,64.0
0.14657596371882087,65.81260770975057,67.0
0.11900226757369614,66.7544671201814,66.0
0.1799546485260771,67.03746031746032,69.0
0.9839455782312925,67.31174603174603,74.0
0.16253968253968254,68.43501133786847,71.0
0.05950113378684807,68.62802721088435,74.0
0.1523809523809524,68.70349206349206,79.0
0.09578231292517007,68.86893424036282,78.0
0.16979591836734695,68.97922902494331,77.0
0.10811791383219954,69.27963718820861,74.0
0.058049886621315196,69.39138321995465,75.0
0.07183673469387755,69.46031746031746,74.0
0.16689342403628118,69.54086167800453,72.0
0.1182766439909297,69.72807256235828,71.0
0.14947845804988663,70.87310657596372,74.0
0.5079365079365079,71.03854875283447,81.0
0.16689342403628118,71.93832199546485,79.0
0.48471655328798186,72.13569160997733,82.0
0.12263038548752835,73.35909297052154,79.0
0.045714285714285714,73.4853514739229,81.0
0.062403628117913834,73.53614512471655,79.0
0.19446712018140588,73.60725623582766,75.0
0.04934240362811791,73.8184126984127,77.0
0.15891156462585035,73.89460317460318,82.0
0.15600907029478459,74.07455782312925,84.0
0.1489795918367347,75.45714285714286,84.0
1.4224489795918367,75.62857142857143,86.0
0.15963718820861678,77.71863945578231,82.0
0.09868480725623582,77.89278911564625,80.0
0.1349659863945578,78.01759637188209,82.0
0.11029478458049886,78.1772335600907,80.0
0.1219047619047619,78.29913832199547,77.0
0.06820861678004535,78.43265306122449,79.0
0.052970521541950116,78.51174603174603,77.0
0.1306122448979592,78.57342403628118,76.0
0.09868480725623582,78.72943310657597,79.0
0.08707482993197278,78.85569160997733,77.0
0.034104308390022674,78.95219954648526,76.0
0.1327891156462585,78.99863945578231,74.0
0.13931972789115646,79.1372335600907,70.0
0.336734693877551,79.3,68.0
0.17346938775510204,79.65918367346939,72.0
0.15510204081632653,79.9265306122449,70.0
0.11428571428571428,80.11632653061224,66.0
0.18877551020408162,81.0265306122449,66.0
0.14183673469387756,81.25510204081633,70.0
0.10102040816326531,81.41530612244898,72.0
0.19081632653061226,81.53877551020408,73.0
0.07755102040816327,81.75,74.0
0.1510204081632653,81.84081632653061,75.0
0.12040816326530612,82.0234693877551,73.0
0.12346938775510204,82.15918367346939,74.0
0.07448979591836735,82.34591836734694,70.0
0.10102040816326531,82.46020408163265,65.0
0.08673469387755102,82.59897959183674,64.0
0.1540816326530612,82.81938775510204,67.0
0.09897959183673469,82.98367346938775,66.0
0.17142857142857143,83.2326530612245,65.0
0.1836734693877551,83.7326530612245,70.0
0.06836734693877551,83.96632653061225,65.0
0.17124716553287983,84.82249433106576,72.0
0.12770975056689343,85.01696145124717,69.0
0.046439909297052155,86.09668934240362,74.0
0.09287981859410431,86.1532879818594,72.0
0.11247165532879819,86.26285714285714,71.0
0.15383219954648525,87.03274376417234,72.0
0.04789115646258504,87.20108843537415,74.0
0.0783673469387755,87.26204081632653,72.0
0.12045351473922902,87.3491156462585,69.0
0.08081632653061224,87.48267573696145,72.0
0.17859410430839,87.57546485260771,75.0
0.130702947845805,87.7645351473923,79.0
0.12421768707482993,87.90122448979592,78.0
0.06385487528344672,88.09215419501133,76.0
0.1001360544217687,88.16253968253969,77.0
0.13859410430839003,88.27791383219954,74.0
0.1364172335600907,88.42158730158731,70.0
0.1182766439909297,88.55873015873016,74.0
0.16689342403628118,88.68789115646258,77.0
0.08780045351473922,88.86204081632653,74.0
0.15165532879818594,88.95927437641723,75.0
0.11900226757369614,89.12108843537415,72.0
0.1182766439909297,89.25170068027211,70.0
0.10612244897959183,89.53775510204082,73.0
0.10816326530612246,89.65510204081633,72.0
0.15714285714285714,89.77448979591837,70.0
0.06095238095238095,89.96426303854875,65.0
0.1509297052154195,90.04843537414966,64.0
0.10158730158730159,90.2225850340136,62.0
0.1291609977324263,90.33578231292518,63.0
0.09868480725623582,90.4910657596372,61.0
0.1349659863945578,90.61006802721089,62.0
0.04897959183673469,90.7765306122449,65.0
0.45510204081632655,90.84183673469387,70.0
0.05437641723356009,91.30698412698413,65.0
0.16113378684807256,91.38131519274377,72.0
0.059365079365079364,91.56789115646258,65.0
0.24090702947845805,93.20126984126985,77.0
0.1473015873015873,93.47845804988663,82.0
0.8039909297052155,93.660589569161,86.0
0.1489795918367347,94.60306122448979,82.0
0.08707482993197278,94.78095238095239,77.0
0.1540816326530612,95.61836734693877,80.0
0.04897959183673469,95.78367346938775,79.0
0.04285714285714286,95.84693877551021,78.0
0.7040816326530612,95.89897959183673,77.0
0.1364172335600907,96.71764172335601,75.0
0.12045351473922902,96.86566893424036,77.0
0.1291609977324263,97.00281179138322,73.0
0.11609977324263039,97.1457596371882,74.0
0.14439909297052153,97.27637188208617,70.0
0.06684807256235828,97.43705215419502,65.0
0.158140589569161,97.51387755102041,64.0
0.08417233560090703,97.71537414965987,62.0
0.12045351473922902,97.8140589569161,63.0
0.10448979591836735,97.95773242630385,61.0
0.15383219954648525,98.07528344671202,62.0
0.041405895691609976,98.25519274376417,65.0
0.15764172335600907,98.31206349206349,70.0
0.0763265306122449,98.48566893424037,72.0
0.09578231292517007,98.58321995464853,67.0
0.5021315192743764,98.71528344671202,70.0
0.11174603174603175,100.07510204081633,74.0
0.17653061224489797,100.42040816326531,78.0
0.05,100.60714285714286,79.0
0.03163265306122449,100.66224489795918,80.0
0.1346938775510204,100.71122448979592,81.0
0.036734693877551024,100.85816326530612,80.0
0.07346938775510205,100.90714285714286,79.0
0.12040816326530612,100.9938775510204,78.0
0.10204081632653061,101.15306122448979,74.0
0.12244897959183673,102.26020408163265,79.0
0.15,102.43061224489796,83.0
0.10918367346938776,102.65102040816326,89.0
0.15918367346938775,103.04081632653062,85.0
0.15612244897959185,103.32551020408164,86.0
0.1653061224489796,103.61938775510204,83.0
0.14489795918367346,103.91326530612245,79.0
0.09070294784580499,104.20244897959184,81.0
0.06095238095238095,104.30185941043084,82.0
0.06022675736961451,104.37151927437641,81.0
0.1255328798185941,104.44625850340137,79.0
0.47346938775510206,104.60612244897959,82.0
0.10408163265306122,105.7469387755102,78.0
0.12653061224489795,105.85816326530612,80.0
0.13877551020408163,106.00510204081633,81.0
0.04591836734693878,106.15,80.0
0.08061224489795918,106.21020408163265,79.0
0.1653061224489796,106.30510204081632,78.0
0.7662585034013606,106.47510204081632,79.0
0.07346938775510205,107.37244897959184,75.0
0.09591836734693877,107.45510204081633,77.0
0.07142857142857142,107.56632653061224,75.0
0.14285714285714285,107.65,72.0
0.09285714285714286,107.95714285714286,79.0
0.1326530612244898,108.06020408163265,82.0
0.15714285714285714,108.20510204081633,79.0
0.07040816326530612,108.37448979591836,80.0
0.12653061224489795,108.46224489795918,81.0
0.09693877551020408,108.60816326530612,77.0
0.13163265306122449,108.73367346938775,79.0
0.14387755102040817,108.87755102040816,75.0
0.10204081632653061,109.03775510204082,72.0
0.1349659863945578,109.27600907029479,77.0
0.14512471655328799,109.418231292517,75.0
0.10884353741496598,109.58367346938776,74.0
0.10158730158730159,109.73170068027211,70.0
0.08417233560090703,109.86231292517007,65.0
0.08997732426303855,109.96680272108844,64.0
0.04353741496598639,110.07274376417233,62.0
0.07691609977324262,110.14675736961452,63.0
0.1306122448979592,110.25124716553287,67.0
0.10448979591836735,110.3891156462585,66.0
0.1073922902494331,110.5255328798186,64.0
0.1306122448979592,110.65324263038549,65.0
0.11609977324263039,110.79981859410431,62.0
0.156734693877551,110.93478458049887,63.0
0.0653061224489796,111.10918367346939,61.0
0.46530612244897956,111.19183673469388,62.0
0.2,111.69591836734693,70.0
0.17414965986394557,112.75755102040816,63.0
0.06095238095238095,112.94331065759637,65.0
0.15528344671201813,113.03183673469388,70.0
0.809795918367347,113.32498866213152,74.0
0.39183673469387753,114.42213151927437,75.0
0.05950113378684807,114.87056689342404,72.0
0.17959183673469387,114.93061224489796,73.0
0.1653061224489796,115.13673469387756,74.0
0.18571428571428572,115.36938775510204,70.0
0.5079365079365079,115.65859410430839,70.0
0.1510204081632653,117.35816326530612,77.0
0.09693877551020408,117.5173469387755,79.0
0.1377551020408163,117.63367346938776,82.0
0.13979591836734695,117.80063492063492,84.0
0.48471655328798186,117.96317460317461,86.0
0.44988662131519275,119.2257596371882,91.0
0.16834467120181407,120.34031746031746,89.0
0.18866213151927438,120.88888888888889,87.0
1.1697052154195011,121.21977324263038,85.0
0.1799546485260771,122.52734693877551,82.0
0.1073922902494331,122.73777777777778,80.0
0.3961904761904762,122.96126984126984,80.0
0.10303854875283447,123.37632653061225,79.0
0.09723356009070294,123.5156462585034,78.0
0.10594104308390023,123.62884353741497,77.0
0.08707482993197278,123.75945578231293,76.0
0.13931972789115646,123.88136054421769,75.0
0.11755102040816326,124.03374149659864,79.0
0.13351473922902493,124.1687074829932,74.0
0.062403628117913834,124.30802721088435,72.0
0.12625850340136055,124.42702947845805,77.0
0.11174603174603175,124.5707029478458,75.0
0.09578231292517007,124.71292517006803,74.0
0.11174603174603175,124.83192743764172,70.0
0.08877551020408163,124.97142857142858,65.0
0.08877551020408163,125.09183673469387,64.0
0.04897959183673469,125.20510204081633,62.0
0.05714285714285714,125.2795918367347,63.0
0.14077097505668934,125.37034013605442,67.0
0.09578231292517007,125.53868480725623,66.0
0.1523809523809524,125.7621768707483,65.0
0.1726984126984127,126.03501133786848,63.0
0.14802721088435375,126.3136507936508,62.0
0.41360544217687073,126.4819954648526,70.0
0.10918367346938776,127.60204081632654,70.0
0.06326530612244897,127.72142857142858,72.0
0.09897959183673469,127.8061224489796,70.0
0.10918367346938776,127.91836734693878,68.0
0.16938775510204082,128.07142857142858,72.0
0.17124716553287983,128.8968707482993,70.0
0.12045351473922902,129.08698412698413,74.0
0.09433106575963719,129.87501133786847,70.0
0.14077097505668934,129.98530612244897,75.0
0.12770975056689343,130.15945578231293,79.0
0.19081632653061226,131.0234693877551,74.0
0.1357142857142857,131.30102040816325,82.0
0.12448979591836734,131.49591836734695,75.0
0.14387755102040817,131.73979591836735,82.0
0.08469387755102041,131.9918367346939,75.0
0.2153061224489796,132.0857142857143,76.0
0.6836734693877551,132.33061224489796,82.0
0.13931972789115646,133.17297052154194,80.0
0.047165532879818596,133.32607709750567,81.0
0.07111111111111111,133.38195011337868,80.0
0.12480725623582767,133.4682993197279,77.0
0.11972789115646258,133.62285714285716,75.0
0.1306122448979592,133.75201814058957,74.0
0.09591836734693877,133.9387755102041,70.0
0.4346938775510204,134.12244897959184,70.0
0.07473922902494332,135.24825396825398,76.0
0.14294784580498865,135.34548752834468,79.0
0.1327891156462585,135.51092970521543,76.0
0.05836734693877551,136.05578231292517,78.0
0.04090702947845805,136.11714285714285,79.0
0.06136054421768707,136.1695238095238,81.0
0.11755102040816326,136.2721088435374,90.0
0.041405895691609976,136.48979591836735,61.0
0.05587301587301587,136.54204081632653,59.0
0.11922902494331065,136.61750566893423,57.0
0.12988662131519274,137.4505215419501,55.0
0.1364172335600907,137.59927437641724,57.0
0.04689342403628118,137.86467120181405,57.0
0.06335600907029479,137.92154195011338,60.0
0.12335600907029479,138.0107029478458,62.0
0.19446712018140588,138.14131519274378,58.0
0.08417233560090703,138.35319727891155,59.0
0.06675736961451247,138.4518820861678,62.0
0.9142857142857143,138.54185941043085,67.0
0.10666666666666667,139.6085260770975,64.0
0.10158730158730159,139.7231746031746,67.0
0.13931972789115646,139.84943310657596,70.0
0.11900226757369614,139.99528344671202,72.0
0.1414965986394558,140.12807256235828,74.0
0.10666666666666667,140.27755102040817,72.0
0.12988662131519274,140.39437641723356,74.0
0.1291609977324263,140.52789115646257,72.0
0.14802721088435375,140.66575963718822,70.0
0.10376417233560091,140.8348299319728,67.0
0.1653061224489796,141.70204081632653,63.0
0.18061224489795918,141.96938775510205,70.0
0.12959183673469388,142.2704081632653,77.0
0.09285714285714286,142.42244897959185,74.0
0.1336734693877551,142.53061224489795,75.0
0.07857142857142857,142.6734693877551,77.0
0.1489795918367347,142.76632653061225,80.0
0.11326530612244898,142.92551020408163,78.0
0.12653061224489795,143.05408163265307,77.0
0.11836734693877551,143.1887755102041,75.0
0.1336734693877551,143.31632653061226,74.0
0.11224489795918367,143.4612244897959,70.0
0.14512471655328799,144.08707482993196,74.0
0.1219047619047619,144.25106575963719,75.0
0.13206349206349208,144.4905215419501,70.0
0.17414965986394557,145.4091609977324,76.0
0.18285714285714286,145.6544217687075,77.0
0.0783673469387755,145.85614512471656,76.0
0.1306122448979592,145.94321995464853,77.0
0.14947845804988663,146.11156462585035,76.0
0.14222222222222222,146.34231292517006,75.0
0.11029478458049886,146.60643990929705,77.0
0.11609977324263039,146.98956916099775,80.0
0.08126984126984127,147.12598639455783,79.0
0.6545124716553288,147.23628117913833,80.0
0.14077097505668934,148.06929705215418,86.0
0.04498866213151927,148.237641723356,79.0
0.05514739229024943,148.28698412698412,77.0
0.1291609977324263,148.35156462585033,75.0
0.36426303854875286,148.49233560090704,77.0
0.1523809523809524,148.8667573696145,75.0
0.04934240362811791,149.03655328798186,72.0
0.1893877551020408,149.08879818594104,70.0
0.12045351473922902,149.2861678004535,68.0
0.08673469387755102,149.90816326530611,65.0
0.1489795918367347,150.01326530612246,64.0
0.11734693877551021,150.18163265306123,63.0
0.10612244897959183,150.33775510204083,67.0
0.07333333333333333,150.60721088435375,60.0
0.1341950113378685,150.7134693877551,65.0
0.10231292517006803,150.87383219954648,62.0
0.10086167800453515,150.99428571428572,63.0
0.052244897959183675,151.11619047619047,65.0
0.1581859410430839,151.204716553288,68.0
0.13714285714285715,151.37596371882086,66.0
0.10158730158730159,151.5290702947846,65.0
0.10448979591836735,151.64489795918368,63.0
0.11029478458049886,151.77142857142857,62.0
0.1872108843537415,151.9354195011338,70.0
